PLTSOLVD=T
CRPIX1= 2.5265000000000000E+003
CRPIX2= 1.6745000000000000E+003
CRVAL1= 8.5170677963042593E+001
CRVAL2=-3.9900663326604695E+000
CDELT1=-4.3754979311840256E-003
CDELT2= 4.3774872643422150E-003
CROTA1=-4.3238021080926590E+000
CROTA2=-4.3051266406004869E+000
CD1_1=-4.3630448240309008E-003
CD1_2= 3.2988181109732957E-004
CD2_1= 3.2860900129686181E-004
CD2_2= 4.3651358368033601E-003
CMDLINE=astap.exe  -f "C:\Users\admin\Desktop\Having Fun\Orion_Final.jpg" -r 30 -ra 05.40 -spd 87 -fov 14.65 -o "C:\Users\admin\Desktop\Having Fun\Orion_Final_Solved" -update
DIMENSIONS=5052 x 3348
WARNING=Large FOV, use G05 (or V05) database! 
